MEME version 4 
ALPHABET= ACGT 
strands: + -

MOTIF 0 
letter-probability matrix: alength= 4 w= 7 
0.235	0.244	0.287	0.235
0.162	0.244	0.428	0.165
0.216	0.316	0.246	0.221
0.421	0.25	0.213	0.116
0.104	0.344	0.38	0.172
0.49	0.241	0.105	0.163
0.289	0.346	0.181	0.184

MOTIF 1 
letter-probability matrix: alength= 4 w= 11 
0.233	0.253	0.25	0.263
0.266	0.218	0.261	0.256
0.269	0.248	0.272	0.211
0.224	0.279	0.245	0.252
0.178	0.434	0.224	0.163
0.218	0.205	0.335	0.241
0.171	0.369	0.141	0.318
0.192	0.218	0.439	0.151
0.247	0.323	0.206	0.223
0.254	0.242	0.235	0.27
0.254	0.241	0.251	0.254

MOTIF 2 
letter-probability matrix: alength= 4 w= 10 
0.229	0.272	0.246	0.253
0.224	0.247	0.217	0.311
0.236	0.297	0.161	0.306
0.338	0.15	0.243	0.269
0.295	0.257	0.176	0.273
0.206	0.202	0.314	0.278
0.278	0.242	0.254	0.226
0.234	0.269	0.231	0.266
0.227	0.243	0.256	0.274
0.254	0.249	0.236	0.261

MOTIF 3 
letter-probability matrix: alength= 4 w= 8 
0.256	0.249	0.249	0.246
0.237	0.219	0.245	0.299
0.198	0.458	0.21	0.134
0.269	0.325	0.253	0.152
0.16	0.157	0.148	0.536
0.369	0.347	0.118	0.166
0.097	0.373	0.355	0.175
0.286	0.241	0.234	0.239

MOTIF 4 
letter-probability matrix: alength= 4 w= 16 
0.241	0.264	0.227	0.267
0.254	0.249	0.244	0.254
0.27	0.235	0.242	0.254
0.253	0.245	0.236	0.266
0.273	0.25	0.242	0.235
0.243	0.227	0.253	0.277
0.24	0.255	0.221	0.284
0.479	0.132	0.173	0.217
0.266	0.335	0.146	0.253
0.322	0.216	0.248	0.214
0.242	0.17	0.111	0.477
0.222	0.263	0.231	0.285
0.291	0.182	0.306	0.222
0.28	0.213	0.238	0.269
0.251	0.251	0.258	0.241
0.239	0.262	0.23	0.27

MOTIF 5 
letter-probability matrix: alength= 4 w= 18 
0.235	0.237	0.255	0.273
0.239	0.196	0.264	0.301
0.283	0.216	0.267	0.234
0.123	0.387	0.311	0.179
0.237	0.276	0.176	0.311
0.23	0.096	0.502	0.172
0.139	0.36	0.239	0.262
0.236	0.203	0.312	0.248
0.284	0.257	0.225	0.235
0.298	0.228	0.249	0.225
0.232	0.265	0.249	0.254
0.243	0.241	0.261	0.256
0.238	0.255	0.255	0.252
0.25	0.25	0.253	0.248
0.243	0.263	0.25	0.243
0.255	0.252	0.235	0.257
0.232	0.269	0.253	0.246
0.263	0.233	0.258	0.245

MOTIF 6 
letter-probability matrix: alength= 4 w= 9 
0.24	0.268	0.276	0.217
0.213	0.273	0.249	0.265
0.257	0.278	0.298	0.167
0.458	0.129	0.198	0.216
0.192	0.142	0.058	0.607
0.293	0.228	0.38	0.098
0.239	0.289	0.23	0.242
0.238	0.274	0.245	0.243
0.232	0.283	0.256	0.229

MOTIF 7 
letter-probability matrix: alength= 4 w= 15 
0.282	0.297	0.213	0.207
0.277	0.143	0.397	0.182
0.282	0.271	0.122	0.325
0.763	0.073	0.109	0.056
0.068	0.536	0.123	0.272
0.164	0.344	0.265	0.226
0.18	0.261	0.439	0.121
0.15	0.737	0.045	0.068
0.303	0.241	0.229	0.227
0.272	0.248	0.246	0.234
0.252	0.259	0.249	0.239
0.268	0.243	0.253	0.236
0.249	0.239	0.27	0.242
0.247	0.276	0.237	0.24
0.257	0.225	0.264	0.254

MOTIF 8 
letter-probability matrix: alength= 4 w= 22 
0.254	0.24	0.257	0.249
0.259	0.257	0.228	0.257
0.246	0.232	0.253	0.269
0.237	0.267	0.223	0.273
0.258	0.266	0.216	0.261
0.191	0.331	0.201	0.277
0.404	0.118	0.233	0.245
0.376	0.196	0.174	0.254
0.33	0.228	0.159	0.284
0.226	0.176	0.197	0.4
0.362	0.209	0.191	0.238
0.337	0.169	0.167	0.327
0.272	0.234	0.262	0.232
0.312	0.199	0.238	0.251
0.243	0.246	0.234	0.277
0.279	0.233	0.233	0.255
0.247	0.23	0.237	0.287
0.246	0.264	0.241	0.249
0.248	0.263	0.25	0.238
0.25	0.231	0.266	0.253
0.257	0.247	0.259	0.237
0.24	0.263	0.24	0.257

MOTIF 9 
letter-probability matrix: alength= 4 w= 17 
0.228	0.245	0.273	0.255
0.277	0.231	0.238	0.253
0.257	0.247	0.239	0.257
0.249	0.232	0.232	0.286
0.255	0.258	0.253	0.234
0.279	0.224	0.207	0.29
0.28	0.22	0.196	0.304
0.224	0.209	0.163	0.404
0.257	0.185	0.235	0.323
0.426	0.145	0.171	0.258
0.283	0.141	0.19	0.386
0.137	0.417	0.291	0.155
0.244	0.239	0.242	0.275
0.287	0.235	0.247	0.23
0.239	0.256	0.216	0.289
0.252	0.219	0.281	0.247
0.259	0.237	0.264	0.239

MOTIF 10 
letter-probability matrix: alength= 4 w= 15 
0.249	0.301	0.262	0.188
0.308	0.258	0.268	0.166
0.395	0.072	0.284	0.249
0.311	0.1	0.185	0.403
0.297	0.222	0.149	0.332
0.235	0.278	0.161	0.327
0.233	0.276	0.202	0.29
0.211	0.274	0.26	0.255
0.211	0.288	0.302	0.199
0.269	0.274	0.253	0.203
0.26	0.219	0.284	0.237
0.282	0.215	0.243	0.26
0.248	0.218	0.251	0.283
0.274	0.231	0.241	0.253
0.265	0.252	0.223	0.26

MOTIF 11 
letter-probability matrix: alength= 4 w= 18 
0.247	0.244	0.244	0.265
0.249	0.249	0.239	0.264
0.246	0.258	0.241	0.256
0.255	0.25	0.263	0.233
0.239	0.275	0.232	0.254
0.261	0.251	0.236	0.251
0.282	0.224	0.25	0.245
0.236	0.248	0.277	0.239
0.265	0.215	0.26	0.26
0.242	0.252	0.252	0.254
0.257	0.244	0.265	0.235
0.254	0.387	0.159	0.2
0.315	0.222	0.18	0.282
0.314	0.191	0.376	0.119
0.122	0.215	0.207	0.456
0.249	0.114	0.336	0.301
0.241	0.256	0.286	0.216
0.242	0.263	0.242	0.252

MOTIF 12 
letter-probability matrix: alength= 4 w= 26 
0.231	0.276	0.263	0.231
0.253	0.233	0.271	0.243
0.244	0.249	0.249	0.259
0.227	0.254	0.212	0.307
0.246	0.238	0.28	0.236
0.395	0.217	0.217	0.172
0.176	0.32	0.273	0.232
0.248	0.328	0.211	0.213
0.188	0.294	0.325	0.193
0.23	0.217	0.177	0.376
0.26	0.237	0.235	0.268
0.299	0.273	0.174	0.254
0.253	0.207	0.352	0.188
0.225	0.281	0.259	0.235
0.244	0.254	0.244	0.259
0.193	0.288	0.238	0.28
0.333	0.217	0.169	0.281
0.214	0.148	0.34	0.298
0.193	0.185	0.308	0.314
0.251	0.418	0.216	0.115
0.192	0.299	0.279	0.23
0.146	0.276	0.255	0.324
0.226	0.321	0.207	0.245
0.276	0.252	0.242	0.23
0.246	0.248	0.232	0.274
0.227	0.266	0.264	0.243

MOTIF 13 
letter-probability matrix: alength= 4 w= 12 
0.256	0.246	0.254	0.244
0.256	0.241	0.253	0.251
0.296	0.166	0.207	0.331
0.225	0.222	0.193	0.359
0.291	0.119	0.119	0.47
0.317	0.101	0.245	0.337
0.35	0.144	0.104	0.402
0.259	0.198	0.226	0.317
0.208	0.152	0.431	0.21
0.254	0.218	0.261	0.267
0.255	0.263	0.24	0.242
0.216	0.272	0.227	0.286

MOTIF 14 
letter-probability matrix: alength= 4 w= 26 
0.255	0.248	0.231	0.266
0.235	0.252	0.249	0.265
0.25	0.26	0.262	0.228
0.273	0.215	0.189	0.324
0.253	0.215	0.306	0.226
0.236	0.28	0.238	0.246
0.163	0.461	0.168	0.207
0.193	0.143	0.367	0.297
0.182	0.107	0.599	0.112
0.274	0.408	0.068	0.25
0.369	0.233	0.279	0.12
0.188	0.244	0.261	0.307
0.255	0.258	0.199	0.288
0.233	0.285	0.224	0.258
0.266	0.231	0.255	0.248
0.263	0.247	0.24	0.25
0.262	0.259	0.235	0.244
0.27	0.19	0.295	0.244
0.223	0.32	0.196	0.262
0.279	0.262	0.219	0.24
0.229	0.243	0.277	0.251
0.257	0.247	0.242	0.254
0.251	0.256	0.243	0.251
0.273	0.244	0.278	0.204
0.25	0.273	0.245	0.233
0.21	0.244	0.261	0.286

MOTIF 15 
letter-probability matrix: alength= 4 w= 12 
0.258	0.245	0.279	0.218
0.243	0.297	0.309	0.152
0.235	0.217	0.282	0.265
0.242	0.283	0.267	0.208
0.222	0.288	0.328	0.161
0.129	0.204	0.468	0.2
0.257	0.252	0.249	0.242
0.246	0.297	0.225	0.232
0.215	0.237	0.273	0.276
0.239	0.316	0.196	0.249
0.267	0.272	0.232	0.23
0.234	0.251	0.248	0.267

MOTIF 16 
letter-probability matrix: alength= 4 w= 12 
0.244	0.275	0.239	0.242
0.322	0.199	0.272	0.207
0.196	0.313	0.313	0.179
0.267	0.146	0.216	0.371
0.249	0.138	0.194	0.419
0.249	0.372	0.217	0.162
0.239	0.295	0.225	0.241
0.222	0.258	0.277	0.243
0.219	0.299	0.25	0.233
0.268	0.24	0.226	0.265
0.264	0.229	0.232	0.275
0.245	0.245	0.241	0.269

MOTIF 17 
letter-probability matrix: alength= 4 w= 21 
0.332	0.269	0.182	0.218
0.208	0.29	0.242	0.26
0.214	0.297	0.294	0.195
0.175	0.269	0.193	0.363
0.317	0.156	0.308	0.219
0.187	0.347	0.265	0.202
0.261	0.099	0.531	0.108
0.07	0.484	0.209	0.238
0.307	0.246	0.115	0.332
0.398	0.074	0.382	0.146
0.272	0.333	0.216	0.179
0.149	0.291	0.442	0.118
0.229	0.362	0.25	0.159
0.22	0.258	0.217	0.305
0.296	0.171	0.05	0.483
0.358	0.153	0.208	0.281
0.242	0.215	0.2	0.343
0.281	0.267	0.21	0.242
0.257	0.23	0.264	0.249
0.248	0.241	0.239	0.272
0.251	0.238	0.22	0.291

MOTIF 18 
letter-probability matrix: alength= 4 w= 18 
0.26	0.238	0.265	0.238
0.236	0.266	0.256	0.241
0.211	0.282	0.227	0.28
0.247	0.262	0.242	0.249
0.271	0.233	0.276	0.22
0.235	0.278	0.245	0.242
0.244	0.278	0.225	0.254
0.258	0.231	0.28	0.231
0.243	0.245	0.269	0.243
0.196	0.262	0.276	0.265
0.187	0.285	0.377	0.15
0.241	0.22	0.322	0.218
0.231	0.318	0.195	0.257
0.221	0.296	0.178	0.305
0.201	0.238	0.425	0.137
0.233	0.247	0.287	0.233
0.218	0.266	0.256	0.261
0.237	0.262	0.244	0.257

MOTIF 19 
letter-probability matrix: alength= 4 w= 28 
0.245	0.245	0.26	0.25
0.253	0.266	0.234	0.246
0.241	0.271	0.243	0.245
0.252	0.24	0.26	0.247
0.249	0.249	0.254	0.247
0.244	0.239	0.242	0.275
0.259	0.246	0.246	0.249
0.211	0.256	0.253	0.28
0.239	0.256	0.269	0.236
0.256	0.292	0.234	0.218
0.284	0.193	0.365	0.158
0.158	0.346	0.201	0.295
0.18	0.382	0.188	0.251
0.157	0.405	0.282	0.157
0.316	0.249	0.212	0.223
0.219	0.293	0.308	0.18
0.255	0.243	0.255	0.247
0.241	0.244	0.261	0.254
0.241	0.249	0.261	0.249
0.245	0.263	0.245	0.247
0.243	0.251	0.261	0.246
0.244	0.262	0.257	0.237
0.253	0.241	0.253	0.253
0.252	0.257	0.249	0.242
0.251	0.249	0.256	0.244
0.245	0.252	0.247	0.255
0.244	0.254	0.254	0.249
0.241	0.249	0.264	0.246

MOTIF 20 
letter-probability matrix: alength= 4 w= 10 
0.268	0.253	0.253	0.226
0.255	0.3	0.195	0.25
0.392	0.116	0.144	0.348
0.385	0.136	0.201	0.277
0.268	0.104	0.215	0.413
0.168	0.316	0.267	0.249
0.184	0.259	0.246	0.31
0.263	0.252	0.24	0.245
0.23	0.289	0.251	0.23
0.264	0.241	0.256	0.239

MOTIF 21 
letter-probability matrix: alength= 4 w= 13 
0.252	0.252	0.252	0.244
0.248	0.251	0.251	0.251
0.258	0.246	0.248	0.248
0.259	0.247	0.242	0.252
0.271	0.255	0.255	0.219
0.205	0.425	0.176	0.195
0.41	0.173	0.236	0.18
0.147	0.232	0.357	0.264
0.258	0.355	0.218	0.169
0.165	0.227	0.187	0.421
0.193	0.161	0.484	0.163
0.186	0.28	0.259	0.275
0.257	0.238	0.252	0.252

MOTIF 22 
letter-probability matrix: alength= 4 w= 10 
0.252	0.265	0.27	0.213
0.283	0.264	0.19	0.264
0.181	0.377	0.207	0.235
0.38	0.111	0.171	0.337
0.312	0.271	0.229	0.189
0.321	0.189	0.392	0.098
0.196	0.188	0.323	0.292
0.239	0.246	0.289	0.225
0.222	0.288	0.251	0.238
0.218	0.316	0.227	0.239

MOTIF 23 
letter-probability matrix: alength= 4 w= 12 
0.269	0.264	0.218	0.249
0.238	0.285	0.205	0.271
0.229	0.229	0.253	0.288
0.24	0.221	0.32	0.219
0.284	0.202	0.262	0.252
0.24	0.235	0.293	0.231
0.101	0.49	0.195	0.214
0.194	0.314	0.281	0.21
0.172	0.063	0.676	0.09
0.222	0.358	0.211	0.209
0.211	0.291	0.218	0.28
0.164	0.368	0.267	0.202

MOTIF 24 
letter-probability matrix: alength= 4 w= 8 
0.214	0.298	0.286	0.202
0.21	0.301	0.113	0.375
0.243	0.146	0.476	0.135
0.319	0.243	0.216	0.222
0.203	0.332	0.165	0.3
0.359	0.139	0.253	0.248
0.272	0.283	0.192	0.254
0.271	0.209	0.207	0.314

MOTIF 25 
letter-probability matrix: alength= 4 w= 9 
0.283	0.248	0.256	0.214
0.312	0.224	0.195	0.269
0.239	0.254	0.17	0.336
0.146	0.203	0.182	0.47
0.145	0.292	0.39	0.173
0.082	0.595	0.204	0.119
0.208	0.316	0.356	0.12
0.292	0.23	0.304	0.174
0.293	0.228	0.252	0.228

MOTIF 26 
letter-probability matrix: alength= 4 w= 16 
0.245	0.26	0.238	0.257
0.251	0.242	0.275	0.232
0.237	0.245	0.354	0.164
0.224	0.333	0.156	0.287
0.318	0.149	0.385	0.147
0.237	0.242	0.117	0.403
0.23	0.221	0.098	0.45
0.262	0.223	0.353	0.162
0.227	0.256	0.307	0.21
0.243	0.286	0.253	0.218
0.249	0.262	0.237	0.252
0.259	0.219	0.281	0.242
0.249	0.249	0.226	0.276
0.246	0.251	0.227	0.275
0.252	0.252	0.263	0.233
0.241	0.259	0.28	0.22

MOTIF 27 
letter-probability matrix: alength= 4 w= 27 
0.263	0.245	0.238	0.255
0.267	0.237	0.239	0.257
0.256	0.223	0.269	0.251
0.261	0.203	0.319	0.216
0.209	0.197	0.256	0.338
0.335	0.246	0.182	0.236
0.393	0.184	0.195	0.229
0.257	0.242	0.235	0.267
0.172	0.34	0.239	0.249
0.24	0.193	0.334	0.233
0.257	0.225	0.292	0.225
0.194	0.118	0.176	0.512
0.218	0.263	0.225	0.294
0.197	0.305	0.248	0.25
0.138	0.317	0.255	0.29
0.23	0.292	0.286	0.192
0.232	0.21	0.195	0.363
0.222	0.231	0.29	0.257
0.292	0.183	0.275	0.249
0.195	0.337	0.203	0.265
0.238	0.216	0.258	0.288
0.186	0.27	0.323	0.221
0.254	0.33	0.212	0.204
0.246	0.246	0.288	0.22
0.222	0.263	0.263	0.253
0.253	0.243	0.241	0.263
0.241	0.254	0.251	0.254

MOTIF 28 
letter-probability matrix: alength= 4 w= 18 
0.235	0.299	0.219	0.247
0.272	0.223	0.267	0.239
0.267	0.269	0.225	0.239
0.287	0.219	0.257	0.237
0.313	0.234	0.23	0.223
0.242	0.259	0.287	0.212
0.151	0.257	0.079	0.513
0.365	0.13	0.351	0.154
0.154	0.316	0.177	0.353
0.23	0.186	0.382	0.202
0.256	0.283	0.283	0.177
0.235	0.263	0.25	0.252
0.249	0.249	0.237	0.265
0.239	0.242	0.235	0.284
0.256	0.254	0.254	0.237
0.249	0.254	0.256	0.241
0.243	0.239	0.274	0.243
0.223	0.272	0.269	0.236

MOTIF 29 
letter-probability matrix: alength= 4 w= 16 
0.24	0.255	0.26	0.245
0.256	0.241	0.254	0.249
0.267	0.223	0.264	0.246
0.22	0.274	0.253	0.253
0.248	0.233	0.263	0.255
0.243	0.291	0.218	0.248
0.292	0.249	0.219	0.239
0.162	0.311	0.384	0.143
0.128	0.306	0.37	0.197
0.18	0.245	0.24	0.334
0.21	0.267	0.36	0.163
0.211	0.213	0.392	0.183
0.194	0.323	0.246	0.237
0.237	0.284	0.247	0.232
0.255	0.22	0.297	0.229
0.257	0.24	0.26	0.242

MOTIF 30 
letter-probability matrix: alength= 4 w= 9 
0.288	0.294	0.207	0.211
0.21	0.225	0.278	0.286
0.349	0.188	0.272	0.192
0.36	0.23	0.164	0.246
0.282	0.266	0.135	0.318
0.445	0.204	0.219	0.131
0.168	0.25	0.25	0.331
0.253	0.253	0.258	0.236
0.282	0.229	0.226	0.263

MOTIF 31 
letter-probability matrix: alength= 4 w= 10 
0.313	0.239	0.205	0.243
0.129	0.285	0.285	0.3
0.271	0.236	0.26	0.233
0.279	0.093	0.311	0.317
0.088	0.67	0.06	0.183
0.092	0.554	0.1	0.254
0.758	0.047	0.093	0.103
0.205	0.19	0.283	0.322
0.36	0.212	0.201	0.227
0.145	0.308	0.167	0.38

MOTIF 32 
letter-probability matrix: alength= 4 w= 18 
0.215	0.271	0.24	0.274
0.322	0.218	0.224	0.236
0.124	0.516	0.208	0.152
0.158	0.489	0.224	0.128
0.239	0.19	0.39	0.181
0.241	0.297	0.197	0.266
0.148	0.163	0.319	0.37
0.248	0.282	0.355	0.116
0.255	0.287	0.235	0.224
0.225	0.272	0.339	0.165
0.322	0.238	0.222	0.218
0.217	0.323	0.185	0.275
0.221	0.257	0.252	0.27
0.283	0.248	0.246	0.223
0.264	0.304	0.198	0.234
0.239	0.251	0.272	0.237
0.24	0.293	0.242	0.226
0.192	0.286	0.275	0.246

MOTIF 33 
letter-probability matrix: alength= 4 w= 9 
0.237	0.28	0.246	0.237
0.219	0.29	0.219	0.271
0.228	0.257	0.221	0.293
0.206	0.174	0.346	0.275
0.133	0.273	0.432	0.162
0.239	0.163	0.462	0.135
0.481	0.246	0.144	0.129
0.323	0.227	0.175	0.275
0.274	0.211	0.163	0.352

MOTIF 34 
letter-probability matrix: alength= 4 w= 12 
0.249	0.236	0.256	0.259
0.307	0.239	0.289	0.164
0.158	0.164	0.164	0.514
0.149	0.147	0.261	0.443
0.291	0.115	0.348	0.246
0.167	0.458	0.186	0.188
0.197	0.189	0.447	0.168
0.25	0.334	0.12	0.296
0.425	0.279	0.14	0.156
0.495	0.17	0.173	0.162
0.177	0.289	0.237	0.298
0.258	0.258	0.233	0.25

MOTIF 35 
letter-probability matrix: alength= 4 w= 6 
0.269	0.258	0.215	0.258
0.68	0.146	0.121	0.054
0.162	0.1	0.246	0.491
0.145	0.179	0.159	0.517
0.39	0.249	0.094	0.267
0.417	0.136	0.187	0.26

MOTIF 36 
letter-probability matrix: alength= 4 w= 12 
0.237	0.259	0.317	0.187
0.196	0.329	0.192	0.283
0.265	0.267	0.407	0.061
0.15	0.452	0.15	0.248
0.189	0.23	0.334	0.247
0.113	0.445	0.188	0.254
0.219	0.279	0.317	0.185
0.248	0.24	0.377	0.135
0.219	0.268	0.29	0.223
0.269	0.267	0.234	0.23
0.208	0.346	0.204	0.242
0.264	0.223	0.262	0.251

MOTIF 37 
letter-probability matrix: alength= 4 w= 13 
0.251	0.27	0.254	0.225
0.25	0.248	0.222	0.28
0.215	0.257	0.25	0.279
0.197	0.302	0.279	0.222
0.373	0.252	0.201	0.174
0.167	0.17	0.241	0.422
0.153	0.228	0.399	0.221
0.354	0.194	0.284	0.169
0.216	0.294	0.134	0.356
0.22	0.408	0.159	0.213
0.345	0.213	0.294	0.149
0.233	0.265	0.245	0.257
0.262	0.257	0.242	0.239

MOTIF 38 
letter-probability matrix: alength= 4 w= 11 
0.237	0.27	0.247	0.247
0.284	0.242	0.252	0.221
0.263	0.252	0.265	0.219
0.158	0.384	0.252	0.206
0.307	0.157	0.431	0.104
0.068	0.373	0.155	0.404
0.344	0.185	0.32	0.151
0.249	0.249	0.257	0.244
0.235	0.284	0.254	0.228
0.232	0.235	0.284	0.249
0.257	0.235	0.257	0.25

MOTIF 39 
letter-probability matrix: alength= 4 w= 15 
0.254	0.244	0.254	0.249
0.269	0.304	0.181	0.246
0.202	0.21	0.249	0.339
0.314	0.207	0.26	0.219
0.285	0.205	0.264	0.246
0.243	0.28	0.224	0.253
0.251	0.241	0.264	0.244
0.209	0.213	0.253	0.325
0.344	0.118	0.27	0.268
0.198	0.2	0.208	0.394
0.174	0.21	0.33	0.287
0.378	0.264	0.163	0.195
0.298	0.163	0.112	0.427
0.28	0.223	0.216	0.28
0.304	0.228	0.208	0.259

MOTIF 40 
letter-probability matrix: alength= 4 w= 26 
0.194	0.242	0.242	0.323
0.294	0.266	0.232	0.207
0.188	0.179	0.301	0.332
0.263	0.256	0.209	0.271
0.234	0.275	0.275	0.216
0.177	0.292	0.329	0.202
0.198	0.226	0.219	0.357
0.239	0.339	0.221	0.202
0.201	0.253	0.373	0.173
0.222	0.274	0.283	0.22
0.22	0.413	0.173	0.193
0.127	0.279	0.303	0.291
0.35	0.265	0.217	0.169
0.114	0.273	0.364	0.249
0.301	0.223	0.277	0.199
0.246	0.249	0.261	0.244
0.25	0.257	0.215	0.279
0.247	0.262	0.242	0.249
0.27	0.217	0.24	0.273
0.253	0.248	0.253	0.246
0.241	0.246	0.254	0.259
0.241	0.261	0.256	0.241
0.249	0.249	0.249	0.252
0.259	0.244	0.244	0.254
0.232	0.253	0.264	0.251
0.255	0.261	0.25	0.233

MOTIF 41 
letter-probability matrix: alength= 4 w= 22 
0.208	0.284	0.293	0.215
0.208	0.251	0.343	0.198
0.184	0.283	0.225	0.307
0.221	0.295	0.244	0.239
0.203	0.307	0.18	0.31
0.351	0.201	0.238	0.211
0.271	0.274	0.217	0.238
0.342	0.17	0.256	0.232
0.033	0.404	0.535	0.028
0.077	0.292	0.087	0.544
0.215	0.173	0.405	0.207
0.158	0.256	0.08	0.505
0.474	0.06	0.327	0.139
0.231	0.205	0.388	0.176
0.242	0.176	0.473	0.109
0.144	0.502	0.223	0.131
0.246	0.261	0.31	0.182
0.199	0.251	0.256	0.294
0.238	0.319	0.182	0.261
0.246	0.179	0.316	0.259
0.275	0.234	0.254	0.237
0.277	0.251	0.208	0.264

MOTIF 42 
letter-probability matrix: alength= 4 w= 7 
0.299	0.257	0.185	0.26
0.166	0.4	0.197	0.238
0.162	0.383	0.36	0.095
0.253	0.322	0.246	0.179
0.261	0.286	0.249	0.204
0.206	0.31	0.244	0.239
0.251	0.264	0.257	0.228

MOTIF 43 
letter-probability matrix: alength= 4 w= 9 
0.307	0.235	0.217	0.242
0.196	0.347	0.268	0.189
0.342	0.068	0.22	0.37
0.245	0.362	0.164	0.229
0.356	0.272	0.184	0.188
0.113	0.374	0.258	0.256
0.278	0.247	0.223	0.252
0.248	0.28	0.234	0.238
0.242	0.247	0.237	0.273

MOTIF 44 
letter-probability matrix: alength= 4 w= 7 
0.236	0.251	0.227	0.286
0.117	0.486	0.201	0.195
0.255	0.209	0.094	0.442
0.251	0.278	0.295	0.175
0.149	0.155	0.506	0.19
0.308	0.29	0.212	0.19
0.216	0.292	0.194	0.298

MOTIF 45 
letter-probability matrix: alength= 4 w= 15 
0.228	0.27	0.24	0.262
0.244	0.26	0.27	0.226
0.274	0.184	0.279	0.263
0.26	0.258	0.185	0.297
0.193	0.181	0.4	0.226
0.168	0.301	0.269	0.261
0.145	0.223	0.481	0.152
0.322	0.315	0.132	0.231
0.263	0.178	0.321	0.238
0.231	0.156	0.352	0.261
0.194	0.27	0.26	0.276
0.212	0.257	0.298	0.232
0.204	0.249	0.259	0.289
0.256	0.212	0.278	0.254
0.274	0.227	0.274	0.225

MOTIF 46 
letter-probability matrix: alength= 4 w= 9 
0.245	0.24	0.24	0.274
0.245	0.243	0.269	0.243
0.244	0.241	0.264	0.251
0.287	0.242	0.25	0.221
0.135	0.145	0.135	0.586
0.173	0.385	0.224	0.218
0.158	0.426	0.283	0.132
0.294	0.338	0.149	0.22
0.334	0.213	0.217	0.235

MOTIF 47 
letter-probability matrix: alength= 4 w= 12 
0.219	0.258	0.263	0.26
0.261	0.241	0.244	0.254
0.259	0.2	0.262	0.278
0.352	0.36	0.145	0.143
0.161	0.321	0.215	0.302
0.361	0.167	0.122	0.35
0.423	0.134	0.237	0.206
0.224	0.201	0.216	0.359
0.252	0.268	0.265	0.215
0.228	0.276	0.24	0.257
0.251	0.241	0.256	0.253
0.259	0.259	0.242	0.239

MOTIF 48 
letter-probability matrix: alength= 4 w= 13 
0.252	0.233	0.276	0.24
0.246	0.266	0.264	0.225
0.209	0.279	0.27	0.242
0.301	0.221	0.311	0.167
0.289	0.394	0.106	0.21
0.156	0.238	0.433	0.173
0.253	0.215	0.253	0.279
0.175	0.253	0.345	0.227
0.261	0.21	0.313	0.216
0.216	0.277	0.253	0.253
0.231	0.268	0.243	0.258
0.233	0.245	0.271	0.25
0.28	0.202	0.269	0.249

MOTIF 49 
letter-probability matrix: alength= 4 w= 21 
0.252	0.255	0.24	0.252
0.257	0.259	0.235	0.249
0.245	0.255	0.266	0.233
0.251	0.241	0.261	0.246
0.237	0.235	0.23	0.298
0.281	0.219	0.235	0.265
0.286	0.216	0.283	0.216
0.214	0.283	0.209	0.294
0.237	0.251	0.35	0.162
0.169	0.304	0.254	0.273
0.274	0.258	0.214	0.253
0.214	0.274	0.269	0.243
0.242	0.239	0.27	0.249
0.219	0.247	0.376	0.159
0.193	0.384	0.238	0.185
0.268	0.222	0.312	0.199
0.182	0.37	0.241	0.207
0.215	0.293	0.226	0.267
0.272	0.254	0.28	0.194
0.21	0.302	0.198	0.29
0.239	0.257	0.239	0.265

MOTIF 50 
letter-probability matrix: alength= 4 w= 13 
0.251	0.243	0.231	0.274
0.22	0.227	0.289	0.264
0.242	0.289	0.225	0.244
0.313	0.19	0.298	0.2
0.243	0.311	0.233	0.213
0.259	0.17	0.165	0.406
0.514	0.121	0.127	0.238
0.188	0.191	0.155	0.466
0.264	0.333	0.186	0.216
0.197	0.123	0.452	0.227
0.213	0.366	0.205	0.216
0.23	0.257	0.217	0.296
0.265	0.219	0.317	0.198

MOTIF 51 
letter-probability matrix: alength= 4 w= 22 
0.258	0.236	0.258	0.248
0.259	0.254	0.249	0.237
0.254	0.259	0.239	0.247
0.246	0.253	0.234	0.266
0.241	0.261	0.261	0.238
0.238	0.271	0.236	0.255
0.226	0.308	0.228	0.238
0.247	0.244	0.247	0.262
0.21	0.206	0.301	0.283
0.237	0.208	0.394	0.162
0.194	0.364	0.169	0.273
0.179	0.202	0.472	0.148
0.239	0.253	0.236	0.272
0.214	0.248	0.232	0.306
0.255	0.191	0.338	0.215
0.278	0.257	0.232	0.232
0.22	0.268	0.276	0.236
0.244	0.219	0.275	0.262
0.242	0.268	0.233	0.257
0.258	0.271	0.245	0.226
0.251	0.218	0.264	0.267
0.244	0.283	0.249	0.225

MOTIF 52 
letter-probability matrix: alength= 4 w= 25 
0.236	0.256	0.239	0.269
0.238	0.274	0.253	0.236
0.25	0.271	0.243	0.236
0.259	0.244	0.236	0.261
0.227	0.256	0.274	0.243
0.231	0.253	0.277	0.238
0.212	0.239	0.419	0.129
0.305	0.146	0.377	0.173
0.127	0.326	0.237	0.31
0.15	0.488	0.276	0.086
0.26	0.26	0.247	0.233
0.256	0.251	0.256	0.236
0.247	0.245	0.252	0.255
0.246	0.248	0.253	0.253
0.242	0.238	0.27	0.25
0.265	0.239	0.249	0.247
0.247	0.245	0.245	0.263
0.243	0.263	0.25	0.243
0.247	0.238	0.263	0.252
0.245	0.258	0.245	0.252
0.246	0.249	0.259	0.246
0.246	0.253	0.251	0.251
0.245	0.263	0.25	0.242
0.256	0.238	0.251	0.256
0.261	0.254	0.234	0.251

MOTIF 53 
letter-probability matrix: alength= 4 w= 9 
0.278	0.252	0.249	0.221
0.244	0.267	0.239	0.251
0.193	0.261	0.108	0.438
0.182	0.406	0.148	0.264
0.489	0.126	0.233	0.152
0.178	0.163	0.483	0.176
0.204	0.219	0.296	0.281
0.283	0.264	0.205	0.248
0.234	0.237	0.262	0.267

MOTIF 54 
letter-probability matrix: alength= 4 w= 19 
0.271	0.22	0.263	0.245
0.267	0.234	0.269	0.23
0.206	0.275	0.272	0.247
0.206	0.236	0.283	0.275
0.29	0.237	0.233	0.24
0.267	0.272	0.206	0.256
0.293	0.242	0.233	0.233
0.201	0.253	0.271	0.274
0.265	0.257	0.26	0.217
0.251	0.208	0.304	0.237
0.258	0.218	0.261	0.263
0.203	0.309	0.229	0.258
0.205	0.345	0.279	0.171
0.255	0.202	0.324	0.219
0.202	0.284	0.244	0.27
0.248	0.291	0.115	0.345
0.173	0.25	0.384	0.193
0.284	0.239	0.244	0.232
0.239	0.241	0.243	0.277

MOTIF 55 
letter-probability matrix: alength= 4 w= 15 
0.252	0.238	0.247	0.263
0.247	0.245	0.245	0.263
0.233	0.25	0.245	0.271
0.246	0.278	0.225	0.251
0.393	0.152	0.288	0.168
0.176	0.347	0.314	0.164
0.246	0.112	0.179	0.463
0.222	0.124	0.195	0.46
0.21	0.477	0.194	0.12
0.185	0.413	0.211	0.191
0.17	0.289	0.301	0.239
0.206	0.301	0.251	0.242
0.288	0.225	0.207	0.28
0.283	0.21	0.201	0.306
0.256	0.243	0.227	0.274

MOTIF 56 
letter-probability matrix: alength= 4 w= 12 
0.268	0.235	0.255	0.242
0.278	0.223	0.232	0.267
0.295	0.206	0.216	0.283
0.277	0.214	0.223	0.286
0.26	0.22	0.311	0.209
0.251	0.272	0.301	0.175
0.208	0.21	0.358	0.224
0.159	0.2	0.379	0.262
0.375	0.23	0.168	0.227
0.313	0.301	0.147	0.239
0.141	0.331	0.337	0.191
0.205	0.277	0.209	0.309

MOTIF 57 
letter-probability matrix: alength= 4 w= 11 
0.26	0.228	0.23	0.281
0.245	0.231	0.287	0.238
0.205	0.166	0.313	0.316
0.194	0.251	0.223	0.332
0.443	0.18	0.101	0.277
0.556	0.127	0.127	0.191
0.197	0.168	0.066	0.569
0.251	0.182	0.246	0.322
0.281	0.301	0.169	0.249
0.25	0.263	0.233	0.253
0.241	0.258	0.213	0.288

MOTIF 58 
letter-probability matrix: alength= 4 w= 16 
0.224	0.246	0.277	0.253
0.241	0.261	0.248	0.251
0.252	0.257	0.268	0.223
0.294	0.248	0.189	0.269
0.252	0.242	0.265	0.24
0.258	0.266	0.243	0.233
0.259	0.229	0.307	0.205
0.236	0.256	0.227	0.28
0.305	0.163	0.285	0.247
0.288	0.288	0.297	0.127
0.273	0.252	0.31	0.165
0.177	0.2	0.395	0.228
0.125	0.363	0.099	0.413
0.263	0.245	0.268	0.224
0.257	0.254	0.259	0.23
0.248	0.26	0.215	0.277

MOTIF 59 
letter-probability matrix: alength= 4 w= 8 
0.237	0.32	0.217	0.226
0.232	0.216	0.307	0.244
0.147	0.237	0.419	0.198
0.35	0.281	0.174	0.194
0.342	0.258	0.109	0.291
0.266	0.213	0.288	0.233
0.25	0.238	0.26	0.252
0.237	0.262	0.264	0.237

MOTIF 60 
letter-probability matrix: alength= 4 w= 25 
0.235	0.292	0.219	0.254
0.275	0.225	0.265	0.235
0.233	0.262	0.265	0.24
0.233	0.24	0.252	0.276
0.169	0.27	0.415	0.145
0.178	0.279	0.369	0.174
0.232	0.177	0.298	0.292
0.236	0.444	0.111	0.21
0.217	0.095	0.578	0.11
0.224	0.287	0.224	0.265
0.118	0.376	0.311	0.196
0.308	0.23	0.252	0.21
0.225	0.383	0.167	0.225
0.35	0.181	0.242	0.228
0.24	0.284	0.27	0.206
0.193	0.397	0.166	0.243
0.194	0.332	0.275	0.199
0.263	0.189	0.291	0.258
0.206	0.281	0.262	0.25
0.289	0.246	0.225	0.239
0.268	0.24	0.233	0.258
0.258	0.229	0.277	0.236
0.242	0.287	0.273	0.198
0.213	0.311	0.247	0.228
0.258	0.274	0.215	0.253

MOTIF 61 
letter-probability matrix: alength= 4 w= 15 
0.254	0.244	0.252	0.249
0.273	0.223	0.244	0.259
0.254	0.251	0.234	0.261
0.265	0.252	0.233	0.25
0.235	0.273	0.24	0.252
0.241	0.253	0.253	0.253
0.261	0.239	0.244	0.256
0.354	0.135	0.221	0.29
0.242	0.346	0.12	0.292
0.197	0.481	0.136	0.186
0.209	0.121	0.475	0.195
0.234	0.155	0.397	0.214
0.24	0.334	0.129	0.296
0.173	0.47	0.171	0.186
0.224	0.226	0.396	0.155

MOTIF 62 
letter-probability matrix: alength= 4 w= 11 
0.233	0.271	0.253	0.243
0.246	0.254	0.256	0.244
0.262	0.264	0.249	0.225
0.265	0.27	0.213	0.252
0.211	0.082	0.498	0.209
0.193	0.408	0.132	0.268
0.123	0.451	0.144	0.282
0.27	0.074	0.507	0.15
0.076	0.718	0.078	0.129
0.161	0.098	0.536	0.205
0.129	0.204	0.144	0.523

MOTIF 63 
letter-probability matrix: alength= 4 w= 12 
0.237	0.254	0.292	0.217
0.216	0.301	0.234	0.249
0.23	0.298	0.264	0.208
0.226	0.265	0.279	0.23
0.212	0.197	0.405	0.186
0.131	0.352	0.413	0.105
0.213	0.284	0.268	0.235
0.072	0.433	0.324	0.171
0.188	0.252	0.293	0.267
0.186	0.259	0.319	0.236
0.212	0.286	0.249	0.254
0.246	0.25	0.263	0.241

MOTIF 64 
letter-probability matrix: alength= 4 w= 13 
0.252	0.254	0.262	0.232
0.239	0.283	0.244	0.234
0.247	0.239	0.259	0.254
0.257	0.254	0.228	0.262
0.242	0.244	0.239	0.275
0.286	0.232	0.254	0.228
0.209	0.191	0.438	0.161
0.157	0.33	0.183	0.33
0.266	0.264	0.241	0.229
0.256	0.203	0.374	0.168
0.225	0.285	0.229	0.261
0.242	0.26	0.257	0.24
0.24	0.27	0.233	0.257

MOTIF 65 
letter-probability matrix: alength= 4 w= 31 
0.221	0.281	0.262	0.235
0.261	0.269	0.246	0.225
0.233	0.26	0.247	0.26
0.25	0.263	0.243	0.243
0.222	0.268	0.24	0.271
0.226	0.24	0.267	0.267
0.253	0.238	0.261	0.248
0.206	0.313	0.267	0.214
0.241	0.259	0.339	0.162
0.233	0.257	0.265	0.245
0.241	0.291	0.222	0.246
0.271	0.242	0.265	0.222
0.21	0.332	0.241	0.216
0.234	0.22	0.272	0.274
0.217	0.29	0.296	0.198
0.221	0.311	0.226	0.242
0.204	0.27	0.326	0.2
0.205	0.309	0.272	0.214
0.165	0.307	0.278	0.249
0.173	0.257	0.351	0.219
0.244	0.278	0.249	0.228
0.236	0.24	0.248	0.276
0.208	0.319	0.234	0.239
0.145	0.317	0.296	0.242
0.1	0.276	0.463	0.161
0.21	0.252	0.27	0.267
0.183	0.292	0.214	0.31
0.288	0.152	0.401	0.158
0.282	0.235	0.228	0.255
0.231	0.309	0.245	0.215
0.223	0.273	0.278	0.226

MOTIF 66 
letter-probability matrix: alength= 4 w= 24 
0.218	0.289	0.237	0.256
0.249	0.24	0.233	0.278
0.239	0.227	0.278	0.256
0.283	0.234	0.237	0.246
0.268	0.235	0.255	0.242
0.275	0.262	0.249	0.214
0.186	0.298	0.251	0.264
0.258	0.222	0.258	0.261
0.258	0.231	0.225	0.286
0.232	0.253	0.248	0.266
0.259	0.264	0.236	0.241
0.262	0.278	0.237	0.223
0.24	0.255	0.27	0.235
0.253	0.274	0.26	0.213
0.25	0.222	0.258	0.271
0.256	0.253	0.251	0.241
0.274	0.231	0.251	0.243
0.191	0.349	0.283	0.177
0.202	0.372	0.161	0.265
0.286	0.151	0.307	0.256
0.241	0.209	0.107	0.443
0.356	0.16	0.393	0.09
0.144	0.35	0.23	0.276
0.199	0.294	0.229	0.279

MOTIF 67 
letter-probability matrix: alength= 4 w= 7 
0.252	0.257	0.247	0.244
0.389	0.182	0.132	0.297
0.34	0.133	0.147	0.38
0.325	0.187	0.107	0.381
0.376	0.141	0.121	0.361
0.315	0.161	0.209	0.315
0.258	0.269	0.253	0.22

MOTIF 68 
letter-probability matrix: alength= 4 w= 8 
0.252	0.232	0.252	0.265
0.24	0.266	0.291	0.203
0.242	0.231	0.287	0.24
0.246	0.319	0.177	0.258
0.335	0.13	0.367	0.168
0.215	0.35	0.198	0.237
0.244	0.216	0.281	0.259
0.272	0.254	0.246	0.227

MOTIF 69 
letter-probability matrix: alength= 4 w= 26 
0.366	0.143	0.276	0.215
0.139	0.105	0.676	0.08
0.177	0.418	0.218	0.186
0.227	0.254	0.244	0.275
0.202	0.313	0.301	0.184
0.255	0.266	0.238	0.241
0.243	0.24	0.324	0.193
0.224	0.306	0.279	0.191
0.204	0.27	0.252	0.273
0.231	0.25	0.282	0.236
0.21	0.294	0.227	0.269
0.293	0.245	0.24	0.222
0.237	0.232	0.287	0.244
0.239	0.267	0.225	0.269
0.242	0.245	0.235	0.278
0.23	0.252	0.262	0.257
0.274	0.203	0.299	0.224
0.234	0.283	0.22	0.264
0.288	0.209	0.263	0.24
0.257	0.23	0.284	0.228
0.242	0.273	0.235	0.25
0.292	0.216	0.264	0.227
0.243	0.266	0.226	0.266
0.263	0.242	0.242	0.252
0.248	0.28	0.241	0.231
0.227	0.246	0.286	0.241

MOTIF 70 
letter-probability matrix: alength= 4 w= 10 
0.21	0.35	0.252	0.188
0.185	0.351	0.255	0.209
0.253	0.271	0.309	0.166
0.31	0.192	0.246	0.251
0.312	0.315	0.129	0.243
0.22	0.255	0.187	0.338
0.123	0.324	0.276	0.276
0.182	0.271	0.321	0.226
0.241	0.246	0.261	0.253
0.228	0.279	0.233	0.26

MOTIF 71 
letter-probability matrix: alength= 4 w= 19 
0.226	0.262	0.245	0.268
0.223	0.262	0.267	0.247
0.25	0.258	0.258	0.233
0.246	0.259	0.254	0.241
0.263	0.229	0.245	0.263
0.262	0.228	0.32	0.19
0.166	0.285	0.288	0.261
0.188	0.158	0.385	0.269
0.331	0.263	0.261	0.145
0.144	0.467	0.114	0.275
0.273	0.1	0.416	0.211
0.24	0.301	0.202	0.257
0.228	0.238	0.187	0.347
0.252	0.257	0.249	0.242
0.235	0.255	0.252	0.257
0.262	0.255	0.255	0.228
0.28	0.243	0.258	0.218
0.225	0.201	0.3	0.274
0.269	0.227	0.239	0.264

MOTIF 72 
letter-probability matrix: alength= 4 w= 13 
0.258	0.248	0.268	0.226
0.275	0.27	0.208	0.247
0.34	0.196	0.1	0.364
0.239	0.298	0.067	0.395
0.105	0.331	0.216	0.348
0.124	0.252	0.365	0.26
0.105	0.404	0.373	0.118
0.286	0.367	0.256	0.091
0.344	0.166	0.324	0.166
0.321	0.122	0.302	0.255
0.359	0.095	0.255	0.291
0.278	0.177	0.225	0.32
0.26	0.25	0.226	0.263

MOTIF 73 
letter-probability matrix: alength= 4 w= 12 
0.278	0.31	0.177	0.235
0.291	0.227	0.178	0.303
0.277	0.175	0.222	0.325
0.206	0.252	0.305	0.237
0.241	0.181	0.39	0.188
0.253	0.205	0.322	0.22
0.365	0.198	0.23	0.206
0.155	0.456	0.187	0.203
0.178	0.385	0.148	0.288
0.457	0.312	0.068	0.163
0.369	0.296	0.097	0.238
0.267	0.242	0.23	0.262

MOTIF 74 
letter-probability matrix: alength= 4 w= 6 
0.162	0.311	0.399	0.128
0.193	0.277	0.321	0.209
0.248	0.266	0.193	0.294
0.387	0.202	0.26	0.151
0.205	0.303	0.258	0.234
0.204	0.278	0.257	0.262

MOTIF 75 
letter-probability matrix: alength= 4 w= 10 
0.241	0.245	0.271	0.243
0.225	0.251	0.264	0.259
0.275	0.232	0.262	0.23
0.257	0.25	0.255	0.238
0.239	0.212	0.175	0.374
0.25	0.213	0.172	0.365
0.215	0.237	0.211	0.337
0.217	0.308	0.201	0.274
0.231	0.288	0.233	0.248
0.261	0.251	0.249	0.239

MOTIF 76 
letter-probability matrix: alength= 4 w= 16 
0.27	0.234	0.232	0.264
0.267	0.232	0.232	0.269
0.239	0.262	0.252	0.247
0.205	0.243	0.305	0.247
0.184	0.339	0.182	0.295
0.263	0.137	0.355	0.245
0.216	0.374	0.152	0.258
0.346	0.19	0.267	0.198
0.221	0.208	0.403	0.167
0.155	0.352	0.338	0.155
0.159	0.287	0.228	0.327
0.211	0.258	0.312	0.22
0.241	0.253	0.253	0.253
0.244	0.257	0.247	0.252
0.257	0.247	0.249	0.247
0.254	0.242	0.265	0.239

MOTIF 77 
letter-probability matrix: alength= 4 w= 11 
0.225	0.254	0.257	0.264
0.232	0.367	0.275	0.126
0.24	0.252	0.302	0.206
0.227	0.409	0.186	0.178
0.172	0.183	0.428	0.217
0.2	0.384	0.255	0.161
0.161	0.272	0.248	0.319
0.261	0.231	0.234	0.274
0.254	0.232	0.272	0.242
0.225	0.284	0.252	0.239
0.242	0.228	0.29	0.24

MOTIF 78 
letter-probability matrix: alength= 4 w= 12 
0.267	0.214	0.286	0.232
0.314	0.098	0.396	0.193
0.234	0.145	0.1	0.521
0.313	0.113	0.108	0.466
0.238	0.073	0.288	0.401
0.083	0.737	0.073	0.107
0.423	0.13	0.284	0.164
0.158	0.297	0.425	0.121
0.252	0.235	0.206	0.307
0.158	0.274	0.25	0.318
0.195	0.363	0.234	0.207
0.201	0.356	0.19	0.253

MOTIF 79 
letter-probability matrix: alength= 4 w= 8 
0.259	0.236	0.261	0.244
0.243	0.243	0.303	0.21
0.265	0.235	0.247	0.252
0.129	0.141	0.446	0.284
0.33	0.202	0.214	0.254
0.36	0.275	0.122	0.244
0.125	0.459	0.292	0.124
0.246	0.244	0.197	0.313

MOTIF 80 
letter-probability matrix: alength= 4 w= 9 
0.224	0.253	0.241	0.282
0.269	0.244	0.239	0.248
0.218	0.267	0.301	0.214
0.326	0.202	0.237	0.235
0.179	0.29	0.365	0.166
0.131	0.272	0.427	0.17
0.184	0.307	0.175	0.333
0.243	0.256	0.261	0.241
0.239	0.261	0.256	0.244

MOTIF 81 
letter-probability matrix: alength= 4 w= 10 
0.246	0.249	0.275	0.23
0.263	0.277	0.22	0.24
0.232	0.256	0.259	0.254
0.309	0.13	0.236	0.325
0.291	0.122	0.367	0.22
0.163	0.231	0.184	0.422
0.244	0.138	0.357	0.262
0.214	0.275	0.283	0.227
0.271	0.22	0.297	0.211
0.229	0.229	0.315	0.227

MOTIF 82 
letter-probability matrix: alength= 4 w= 10 
0.242	0.254	0.237	0.267
0.19	0.133	0.532	0.145
0.134	0.218	0.44	0.208
0.268	0.412	0.183	0.137
0.174	0.492	0.137	0.198
0.247	0.305	0.2	0.247
0.292	0.246	0.272	0.19
0.284	0.226	0.194	0.296
0.285	0.209	0.268	0.238
0.227	0.261	0.253	0.259

MOTIF 83 
letter-probability matrix: alength= 4 w= 13 
0.26	0.215	0.358	0.166
0.262	0.225	0.278	0.235
0.195	0.266	0.263	0.276
0.251	0.256	0.249	0.244
0.137	0.236	0.309	0.318
0.236	0.123	0.58	0.061
0.255	0.345	0.245	0.155
0.262	0.357	0.156	0.225
0.404	0.123	0.351	0.123
0.239	0.071	0.084	0.606
0.216	0.128	0.303	0.352
0.211	0.241	0.363	0.186
0.189	0.187	0.401	0.222

MOTIF 84 
letter-probability matrix: alength= 4 w= 16 
0.254	0.237	0.252	0.257
0.184	0.278	0.132	0.406
0.13	0.306	0.175	0.389
0.249	0.246	0.353	0.152
0.331	0.203	0.271	0.195
0.305	0.161	0.262	0.273
0.246	0.089	0.489	0.176
0.218	0.285	0.261	0.236
0.225	0.251	0.259	0.264
0.257	0.247	0.244	0.252
0.266	0.243	0.241	0.25
0.252	0.254	0.24	0.254
0.256	0.248	0.227	0.269
0.26	0.268	0.23	0.242
0.258	0.25	0.256	0.236
0.264	0.246	0.225	0.264

MOTIF 85 
letter-probability matrix: alength= 4 w= 7 
0.258	0.205	0.303	0.234
0.189	0.178	0.328	0.305
0.387	0.147	0.347	0.12
0.187	0.337	0.305	0.172
0.144	0.262	0.2	0.395
0.275	0.232	0.242	0.251
0.281	0.254	0.213	0.252

MOTIF 86 
letter-probability matrix: alength= 4 w= 20 
0.247	0.252	0.259	0.242
0.248	0.251	0.253	0.248
0.242	0.255	0.26	0.242
0.251	0.246	0.254	0.249
0.222	0.234	0.286	0.258
0.24	0.263	0.231	0.266
0.23	0.275	0.241	0.254
0.272	0.251	0.256	0.221
0.265	0.158	0.33	0.247
0.302	0.221	0.235	0.242
0.19	0.275	0.267	0.269
0.232	0.363	0.256	0.149
0.118	0.26	0.45	0.172
0.218	0.258	0.269	0.256
0.258	0.247	0.25	0.245
0.241	0.251	0.241	0.267
0.244	0.254	0.244	0.257
0.259	0.246	0.244	0.251
0.256	0.244	0.241	0.259
0.268	0.236	0.24	0.255

MOTIF 87 
letter-probability matrix: alength= 4 w= 17 
0.234	0.275	0.227	0.264
0.293	0.24	0.238	0.229
0.223	0.239	0.284	0.254
0.243	0.256	0.229	0.272
0.276	0.242	0.24	0.242
0.263	0.222	0.266	0.248
0.274	0.236	0.243	0.248
0.251	0.236	0.28	0.234
0.238	0.252	0.25	0.26
0.18	0.213	0.266	0.341
0.199	0.149	0.365	0.287
0.346	0.232	0.236	0.186
0.266	0.154	0.36	0.22
0.155	0.246	0.177	0.422
0.343	0.357	0.141	0.16
0.286	0.244	0.244	0.225
0.226	0.253	0.25	0.271

MOTIF 88 
letter-probability matrix: alength= 4 w= 22 
0.242	0.273	0.247	0.237
0.257	0.264	0.249	0.23
0.235	0.26	0.276	0.228
0.238	0.257	0.263	0.242
0.255	0.334	0.219	0.192
0.16	0.322	0.236	0.283
0.11	0.454	0.144	0.292
0.131	0.226	0.479	0.164
0.243	0.207	0.355	0.195
0.244	0.391	0.164	0.202
0.138	0.339	0.436	0.087
0.235	0.154	0.423	0.188
0.258	0.247	0.255	0.24
0.248	0.243	0.256	0.253
0.236	0.25	0.258	0.256
0.254	0.241	0.256	0.249
0.249	0.23	0.278	0.244
0.23	0.245	0.265	0.26
0.237	0.264	0.239	0.259
0.241	0.269	0.244	0.246
0.243	0.248	0.261	0.248
0.235	0.242	0.267	0.257

MOTIF 89 
letter-probability matrix: alength= 4 w= 13 
0.252	0.247	0.23	0.27
0.255	0.236	0.3	0.209
0.29	0.25	0.213	0.247
0.239	0.259	0.254	0.249
0.285	0.216	0.233	0.266
0.243	0.258	0.253	0.246
0.293	0.138	0.239	0.33
0.264	0.17	0.214	0.353
0.224	0.366	0.109	0.3
0.367	0.152	0.286	0.195
0.22	0.47	0.157	0.153
0.404	0.08	0.135	0.381
0.319	0.254	0.135	0.292

MOTIF 90 
letter-probability matrix: alength= 4 w= 15 
0.258	0.245	0.263	0.233
0.211	0.276	0.265	0.247
0.237	0.283	0.246	0.234
0.23	0.246	0.272	0.251
0.295	0.188	0.336	0.181
0.214	0.292	0.208	0.286
0.151	0.137	0.305	0.407
0.163	0.429	0.175	0.233
0.118	0.472	0.281	0.13
0.236	0.232	0.298	0.234
0.245	0.247	0.299	0.209
0.251	0.256	0.246	0.248
0.256	0.241	0.246	0.258
0.248	0.252	0.252	0.248
0.241	0.261	0.244	0.254

MOTIF 91 
letter-probability matrix: alength= 4 w= 9 
0.237	0.26	0.293	0.21
0.247	0.295	0.232	0.225
0.322	0.331	0.231	0.116
0.358	0.151	0.26	0.231
0.266	0.089	0.294	0.352
0.258	0.12	0.28	0.342
0.217	0.265	0.249	0.27
0.246	0.275	0.242	0.237
0.229	0.261	0.232	0.277

MOTIF 92 
letter-probability matrix: alength= 4 w= 16 
0.257	0.228	0.262	0.252
0.246	0.256	0.241	0.258
0.241	0.249	0.264	0.246
0.243	0.252	0.255	0.25
0.239	0.256	0.259	0.246
0.256	0.248	0.243	0.253
0.263	0.251	0.266	0.22
0.281	0.206	0.252	0.262
0.248	0.291	0.193	0.268
0.178	0.291	0.142	0.389
0.233	0.089	0.509	0.168
0.222	0.28	0.153	0.345
0.19	0.295	0.135	0.379
0.228	0.247	0.284	0.24
0.251	0.272	0.225	0.251
0.233	0.265	0.231	0.271

MOTIF 93 
letter-probability matrix: alength= 4 w= 14 
0.246	0.264	0.244	0.246
0.244	0.244	0.214	0.298
0.257	0.211	0.247	0.284
0.2	0.194	0.372	0.235
0.318	0.288	0.176	0.218
0.151	0.298	0.364	0.186
0.203	0.211	0.451	0.135
0.199	0.236	0.248	0.318
0.227	0.267	0.223	0.283
0.275	0.221	0.239	0.264
0.257	0.238	0.255	0.25
0.241	0.256	0.246	0.256
0.243	0.248	0.256	0.253
0.252	0.245	0.268	0.235

MOTIF 94 
letter-probability matrix: alength= 4 w= 9 
0.417	0.261	0.131	0.191
0.212	0.527	0.137	0.124
0.459	0.279	0.166	0.097
0.065	0.45	0.357	0.128
0.13	0.156	0.653	0.06
0.271	0.171	0.309	0.248
0.28	0.251	0.218	0.251
0.252	0.267	0.235	0.247
0.257	0.264	0.228	0.251

MOTIF 95 
letter-probability matrix: alength= 4 w= 18 
0.264	0.232	0.264	0.241
0.222	0.266	0.233	0.279
0.248	0.195	0.244	0.313
0.23	0.23	0.251	0.289
0.243	0.277	0.236	0.243
0.198	0.324	0.273	0.204
0.237	0.265	0.252	0.247
0.271	0.277	0.266	0.186
0.221	0.308	0.238	0.233
0.202	0.178	0.424	0.196
0.16	0.408	0.271	0.161
0.236	0.285	0.205	0.274
0.315	0.3	0.209	0.176
0.157	0.227	0.322	0.294
0.234	0.295	0.225	0.246
0.233	0.242	0.252	0.273
0.26	0.255	0.222	0.263
0.249	0.235	0.262	0.254

MOTIF 96 
letter-probability matrix: alength= 4 w= 18 
0.263	0.201	0.255	0.282
0.221	0.249	0.267	0.262
0.249	0.221	0.244	0.286
0.266	0.215	0.266	0.253
0.185	0.268	0.265	0.282
0.313	0.249	0.181	0.257
0.218	0.28	0.18	0.322
0.374	0.22	0.207	0.199
0.406	0.264	0.073	0.257
0.385	0.277	0.109	0.229
0.342	0.09	0.283	0.286
0.254	0.316	0.08	0.35
0.317	0.267	0.219	0.198
0.263	0.229	0.279	0.229
0.216	0.246	0.225	0.313
0.285	0.229	0.258	0.229
0.253	0.258	0.269	0.22
0.252	0.244	0.252	0.252

MOTIF 97 
letter-probability matrix: alength= 4 w= 15 
0.239	0.259	0.246	0.256
0.246	0.254	0.256	0.244
0.241	0.249	0.254	0.256
0.258	0.238	0.238	0.266
0.278	0.249	0.223	0.251
0.264	0.235	0.242	0.259
0.281	0.221	0.252	0.247
0.24	0.247	0.25	0.263
0.201	0.171	0.12	0.508
0.228	0.35	0.208	0.214
0.219	0.347	0.235	0.198
0.372	0.249	0.124	0.255
0.256	0.295	0.237	0.212
0.215	0.129	0.158	0.498
0.209	0.28	0.256	0.256

MOTIF 98 
letter-probability matrix: alength= 4 w= 12 
0.234	0.192	0.267	0.307
0.164	0.287	0.245	0.305
0.232	0.281	0.313	0.174
0.31	0.349	0.181	0.16
0.279	0.193	0.279	0.25
0.313	0.099	0.227	0.36
0.23	0.267	0.234	0.269
0.234	0.258	0.272	0.236
0.267	0.254	0.236	0.244
0.278	0.208	0.252	0.262
0.26	0.221	0.235	0.284
0.287	0.215	0.247	0.25

MOTIF 99 
letter-probability matrix: alength= 4 w= 17 
0.25	0.255	0.257	0.238
0.253	0.256	0.243	0.248
0.205	0.297	0.256	0.241
0.287	0.24	0.191	0.282
0.219	0.134	0.354	0.293
0.26	0.338	0.139	0.263
0.527	0.098	0.188	0.186
0.257	0.284	0.183	0.276
0.204	0.237	0.257	0.302
0.274	0.236	0.245	0.245
0.29	0.265	0.242	0.202
0.199	0.342	0.218	0.241
0.271	0.243	0.261	0.224
0.291	0.185	0.288	0.236
0.274	0.214	0.256	0.256
0.166	0.348	0.271	0.215
0.221	0.239	0.307	0.232

MOTIF 100 
letter-probability matrix: alength= 4 w= 12 
0.231	0.245	0.327	0.197
0.195	0.261	0.256	0.288
0.133	0.314	0.416	0.137
0.107	0.536	0.306	0.05
0.049	0.36	0.353	0.239
0.137	0.543	0.212	0.108
0.066	0.384	0.047	0.503
0.573	0.233	0.116	0.078
0.229	0.201	0.362	0.209
0.337	0.208	0.279	0.176
0.181	0.376	0.129	0.314
0.142	0.401	0.269	0.188

MOTIF 101 
letter-probability matrix: alength= 4 w= 8 
0.258	0.245	0.261	0.236
0.257	0.254	0.228	0.262
0.243	0.252	0.203	0.302
0.254	0.261	0.184	0.301
